     0      0
     0      0
     0      0
     0     20
     0     19
     0     18
     0     17
     0     16
  1292      0
  1291      0
  1290      0
  1289      0
  1288      0
  1287      0
  1286      0
  1285      8
  1284      7
     0      6
  1283      5
  1282      4
  1281      0
     0    441
  1279    438
  1278    437
     0    436
     0    435
     0    434
  1273    433
  1272    432
  1271      0
     0    347
   263    346
   262    345
   261    344
   260    343
   259    342
   258    340
   257    339
   256    309
   255      0
   254      0
   253      0
   252      0
   251      0
   250    307
   249    306
   248    305
     0      0
   246    304
   245    303
     0    302
     0      0
   242      0
     0     81
   240     80
   239      0
   238     79
   237     78
   236     77
   235      0
     0      0
     0      0
   232     73
   231     72
     0     71
   229      0
   228      0
   227      0
   226      0
   225      0
   224     65
     0     64
     0     63
     0      0
     0      0
     0      0
     0     59
     0     58
    89     57
    88     55
    87     54
     0      0
     0      0
     0      0
     0      0
     0      0
    81      0
    80    262
    79    261
   197    260
   196      0
   195      0
   193      0
   192      0
   191      0
   190      0
   189    186
   188    185
     0    184
     0    183
   185    182
     0    181
   183    180
   182    179
   181      0
   180      0
   179    178
   178    177
   177      0
   176      0
   175      0
   174    174
   173    173
   172    172
   171    171
     0    170
     0      0
     0      0
     0      0
     0      0
   154    155
   153    154
     0    153
   151    152
   150      0
     0      0
   148      0
   147      0
     0    146
   145    145
   144    144
   143    143
   142    142
   141    141
   140    140
     0      0
     0      0
     0      0
     0      0
   135    135
   134    134
   133    133
   132    132
   131    131
   130    130
     0    129
   128      0
   127      0
     0      0
   125      0
   124      0
     0    124
   122    123
   121    122
     0    121
   168      0
   167    167
   166    166
   165    165
   164    164
     0      0
     0      0
     0      0
   160    160
   159    159
   158    158
   157    157
   156      0
     0      0
     0    116
   115    115
   114    114
   113    113
   112    112
   111      0
   110      0
   109    108
   108    107
   107    104
   106    103
   105    102
   104    101
   103    100
     0     99
   101     98
     0     97
     0    233
    98    232
    97    231
    96      0
    95      0
    94    230
    93      0
     0    224
    92    223
    91    222
    90      0
     0      0
   221    221
   220    220
   219    219
   218    218
   217    217
   216    216
   215    215
   214    214
     0      0
     0      0
     0      0
     0      0
     0      0
     0      0
     0      0
   206    206
   205    205
   204    204
   203    203
   202    202
   201    201
   200    200
   199    199
     0    196
     0    195
    71    194
    70      0
    69      0
    68      0
    67      0
    66      0
     0    192
    64    189
    63    188
     0    187
     0      0
    60      0
    59      0
    58    259
    57    258
    56    257
    55    256
     0    252
    53    251
     0    250
     0    249
    50      0
    49      0
     0      0
    47      0
    46    244
    45    243
    44    242
    43    241
    42      0
    41      0
    40      0
    39    240
    38    239
    37    238
    36    237
    35     90
    34     89
    33     88
    32      0
  1268    285
  1267    284
     0    283
  1265    282
  1264    281
  1263    280
  1262      0
  1260      0
  1259      0
     0      0
     0      0
     0      0
  1184      0
  1183      0
  1182      0
  1181      0
  1180    269
     0    268
   522    267
   521    266
   520    265
   519    264
   518      0
   517    298
   516    297
   515    296
   514    295
   513      0
   512      0
     0      0
   510      0
     0    290
   508    289
     0    288
     0    287
   505      0
   504      0
     0      0
   360     51
   359     50
   358     49
     0     47
   356     46
   355     45
   354      0
   353     39
   352      0
     0      0
     0      0
   349      0
   348      0
   347    337
   346      0
   336    336
   335    335
   334    334
   333      0
     0      0
     0      0
   332    332
   331    331
   330    330
     0      0
     0      0
     0      0
     0      0
   325    325
   324    324
   323    323
   320      0
   319    319
   318    318
   317    317
     0    315
     0      0
     0     38
     0     37
     0      0
     0     36
     0     35
     0     34
     0     33
   316     32
   315     31
   314      0
   313      0
     0      0
     0      0
   310    359
   309    358
   308      0
   307      0
   306      0
     0      0
   304    353
   303    352
   302      0
     0      0
     0      0
   491      0
     0      0
     0    381
   488    380
   487    379
   486      0
   485      0
   484      0
   483      0
     0      0
   481      0
   480      0
   478      0
   477      0
   476      0
   475      0
     0    367
     0    366
     0    365
   471      0
   470      0
   469    430
   468    429
   467    428
     0    427
     0    426
   465    425
   464      0
   463      0
   462      0
   461      0
     0      0
     0      0
   458      0
     0    424
     0    423
   455    422
     0    421
   453      0
   452      0
   451      0
     0      0
   450      0
   449    413
   448    412
   447      0
     0      0
   445      0
   444      0
   443    407
   442    406
     0      0
   440      0
   439      0
   438      0
   436      0
   435      0
   434      0
   433    400
     0    399
     0    398
     0    397
     0    389
     0    388
     0    387
     0    386
     0    385
     0    384
     0      0
     0     29
   421     28
   420     27
   419     26
   418     25
     0     24
   417     23
   416      0
   415      0
     0     22
   413      0
   412      0
   411      0
   410      0
     0      0
   408      0
   407      0
   406      0
   405      0
   403      0
   402    755
   401    754
     0    753
   399      0
     0      0
     0      0
   396      0
     0      0
     0      0
   393      0
   392    641
   391    640
   390    639
   389    638
     0      0
   386      0
   385      0
   384    634
   383    633
   382    632
     0      0
     0    524
     0    523
   378    522
   377    521
   376    520
   375      0
     0    519
   374    518
   373    517
     0    516
   371    515
   370    514
   369    513
   368      0
   367      0
   366    512
     0    511
     0    510
   363    509
     0    508
     0    507
     0    506
     0    505
     0    504
     0      0
     0      0
     0      0
     0      0
     0      0
     0      0
     0      0
   300    496
   299    495
     0    494
     0    493
   296    492
     0    491
   294    490
     0    489
   292    488
   291    485
   290    484
   289    483
   288    482
   287    481
   286    480
   285    479
   284    477
   283    476
   282    475
     0    474
     0    473
  1176      0
  1175      0
  1174      0
  1173      0
  1172      0
  1171      0
  1170      0
     0    628
  1169    627
  1168    626
  1167    624
  1166    623
  1165    622
  1164    621
  1163    620
  1162    619
     0      0
  1161      0
  1160    617
  1159    616
  1158    615
  1157    614
  1156    613
  1155    612
  1154    611
     0    594
  1121    593
  1120      0
  1119      0
     0    590
     0    589
     0    588
   572    587
   571    586
     0    585
   569    584
     0    583
   567      0
     0      0
     0      0
     0    576
     0    575
   562    574
     0      0
   560      0
     0      0
   558      0
   557      0
     0      0
     0    567
  1113    566
  1112    565
  1111      0
     0      0
     0      0
     0      0
     0      0
  1084      0
  1083    561
  1082    560
  1081    559
     0    558
  1079    557
  1078    556
     0    555
  1077    554
  1076      0
     0      0
  1075    551
  1074    550
     0      0
  1072      0
  1071      0
  1070      0
  1069    610
  1068      0
  1067      0
  1066    609
  1065    608
  1064      0
     0      0
     0      0
   700      0
   699    603
   698    602
     0    599
     0    549
   691    548
   690    547
   689    546
   688    545
   686    544
   685    543
     0      0
   683    540
   682    539
   681    538
   680    537
   679    536
   678    535
   677      0
     0    534
   641    533
   640    532
   639      0
     0      0
   638      0
     0    471
     0    470
     0    469
     0      0
     0      0
     0      0
   631    465
   629    464
   628    463
   627    462
     0      0
     0      0
     0      0
   673      0
   672    687
     0    686
   671    685
   670    684
     0    683
     0    682
     0      0
   666      0
   665      0
   664    681
   663    680
   662      0
     0      0
     0      0
     0    676
     0    675
   657    674
   656    673
   655      0
   654      0
   653      0
     0      0
     0      0
     0      0
   649      0
   648      0
   646      0
   645    663
     0    662
     0    661
     0    660
   625      0
   624      0
   623      0
   622    656
   621    655
   620    651
   619    650
     0    649
   617    648
   616    647
     0    646
   615      0
   614      0
   613      0
   612      0
     0      0
     0      0
     0      0
     0      0
     0      0
     0      0
   609    751
   608    750
   607    749
     0    744
     0    743
     0    742
   728      0
   727    727
   726    726
   725    725
   724    724
   723    723
   722    722
     0    721
   720    720
   719    719
     0    718
     0      0
     0      0
     0      0
     0    714
   713    713
   712    712
     0    711
   710    710
   709    709
   708    708
   707    707
   706    706
   705    705
   704      0
     0      0
     0    737
     0    736
     0      0
     0      0
     0      0
  1061      0
  1060    731
  1059    730
  1058      0
     0      0
     0      0
     0      0
  1054    703
  1053    702
  1052    701
  1051      0
  1050      0
  1049      0
     0      0
     0    700
     0    699
   800    698
   799      0
   798    454
   797    453
   796    452
     0      0
     0    784
   793    783
   792    782
   791      0
   783      0
   782      0
   781      0
     0      0
     0      0
   777    777
   776    776
   775    775
   774    774
     0      0
     0      0
     0      0
     0      0
   769    769
   768    768
   767    767
   766    766
     0      0
     0      0
     0      0
   763      0
   762    759
   761    758
     0    757
     0      0
     0      0
     0      0
     0      0
     0      0
     0      0
   760      0
   759      0
   758   1173
     0   1172
     0   1170
   755   1169
   754   1168
   753      0
   752   1167
   751   1166
     0   1165
     0   1164
     0   1163
     0   1162
     0   1161
   818      0
   817      0
   816   1157
   815   1156
     0      0
     0      0
     0   1121
     0   1120
     0   1119
   809   1118
   808   1117
   807   1054
   806   1053
     0   1052
  1048      0
  1047   1051
  1046   1050
  1045   1049
  1044   1048
  1043   1047
  1042   1046
  1041   1044
  1040   1043
  1039      0
  1038      0
     0      0
     0      0
     0    848
     0    847
     0    846
     0    845
     0      0
  1035      0
  1034      0
  1033      0
  1032      0
     0      0
  1030      0
     0      0
  1028    836
  1027    835
  1026    834
  1025    833
  1024      0
  1023      0
  1022      0
     0      0
     0      0
     0      0
     0      0
     0      0
   994   1039
   993   1038
     0   1037
   990   1036
   989   1035
   988   1034
   987   1033
   986      0
   985      0
     0      0
   983      0
   982    899
   981    898
   980    897
   979    896
   978    895
   977    894
   976      0
     0      0
     0      0
     0      0
   940      0
   939      0
   938    890
   937    889
     0    888
   935    887
   934      0
   933      0
   932      0
     0    883
   930    882
   929    881
   928    880
     0      0
     0      0
   925      0
     0    873
     0    872
     0    871
     0    870
   918    869
   917    868
   916      0
   915      0
   914      0
     0   1027
   912   1026
   911      0
   910   1025
     0   1024
     0   1023
     0   1022
   906      0
   905      0
   904   1021
     0   1019
   902   1015
   901   1014
   900   1013
   899   1011
   898   1010
     0   1009
     0   1008
     0      0
     0      0
     0      0
     0    962
   893    961
     0    960
     0    959
   890    958
   889    957
   888    939
     0    938
   886    937
   885      0
   884      0
   883      0
     0      0
   881    932
   880    931
   879    930
   878      0
     0    954
   967    953
   966    952
   965    951
   964      0
   963      0
   962      0
     0      0
     0      0
     0      0
     0    944
     0    943
   958    942
     0    941
     0      0
     0      0
     0    929
   953    928
     0    927
     0    926
     0    925
   947    924
   946      0
   945      0
   944      0
   943      0
   942      0
     0   1003
     0   1002
     0   1001
     0   1000
     0      0
     0      0
     0      0
     0    994
   874    993
   873    992
   872    991
   871    990
   870    989
   869    988
   868    987
   867      0
     0      0
   865      0
   864      0
   863    982
   862    981
   861    980
   860    979
     0    978
     0    977
   858    976
   857    975
     0      0
  1017      0
  1016      0
  1015      0
     0      0
     0    971
  1012    970
  1011    969
     0    968
     0      0
     0      0
     0      0
     0      0
     0    920
     0    919
     0    918
  1002    917
  1001      0
     0    916
     0    915
   998    914
   997      0
   996      0
     0      0
     0    913
     0      0
     0    912
   851    909
   850    908
   849    907
   848    906
   847    904
   846    903
   845      0
     0      0
   843      0
     0      0
   841      0
   840    863
   839    862
   838    861
     0    860
     0    859
   830    858
   829    857
   828      0
   827      0
   826      0
   825    828
   824    827
   823      0
   822    826
   821    825
   820    824
   747    823
   746    822
   745    821
   744    819
   743    818
   742    817
     0      0
     0      0
     0      0
   738   1077
   737   1076
   736   1075
   735   1074
     0   1073
     0   1072
   604   1071
   603   1070
   602      0
   601      0
   600      0
   599      0
   598   1065
   597   1064
   596   1063
     0   1062
   594   1061
   593   1060
   591   1059
   590   1058
   588      0
   587      0
     0      0
   585      0
   584   1111
   583      0
   582      0
     0      0
     0   1107
  1106   1106
  1105   1105
  1104   1104
  1103   1103
  1102   1102
  1101   1101
     0   1100
  1099      0
     0      0
     0      0
     0      0
     0      0
  1094      0
     0   1093
  1092   1092
  1091   1091
  1090   1090
  1089   1089
  1088   1088
  1087   1087
     0   1086
     0      0
     0      0
     0      0
   577   1082
   576      0
   575      0
     0      0
     0      0
     0      0
     0    816
     0    815
   553    814
   552    813
   551    812
     0      0
     0      0
     0      0
     0      0
     0      0
     0   1149
     0   1148
  1147   1147
  1146   1146
  1145   1145
  1144   1144
  1143   1143
  1142   1142
  1141      0
     0      0
     0      0
     0      0
     0      0
     0      0
  1135      0
  1134   1134
  1133   1133
  1132   1132
  1131   1131
  1130   1130
  1129   1129
     0   1128
     0   1127
     0      0
     0      0
     0      0
     0      0
   549      0
   548      0
   547    809
   546    808
   545      0
   544      0
   543      0
   542    805
   540    804
   539    803
   538    802
   537    801
   536    800
   535    799
   534    797
   533    796
   531    795
   530      0
   529    794
   528    793
   527      0
   526      0
   525      0
     0      0
     0   1259
     0   1258
   280      0
   279   1255
   278   1254
   277      0
   276   1252
     0      0
     0   1249
  1248   1248
  1247   1247
  1246   1246
  1245   1245
  1244   1244
     0   1243
  1242   1242
     0      0
     0      0
  1239   1239
  1238   1238
  1237   1237
  1236   1236
  1235   1235
  1234   1234
     0   1233
  1232   1232
     0   1231
  1230   1230
  1229   1229
  1228   1228
  1227   1227
     0   1226
     0   1225
  1224   1224
  1223   1223
  1222   1222
  1221   1221
  1220   1220
     0      0
     0      0
     0      0
     0      0
  1215   1215
  1214   1214
  1213   1213
  1212   1212
  1211   1211
     0   1210
     0   1209
  1208   1208
  1207   1207
  1206   1206
  1205   1205
     0   1204
  1203   1203
     0   1202
  1201   1201
  1200   1200
  1199   1199
  1198   1198
  1197   1197
  1196   1196
     0      0
     0      0
  1193   1193
     0   1192
  1191   1191
  1190   1190
  1189   1189
  1188   1188
  1187   1187
     0   1186
     0      0
     0      0
     0   1184
     0      0
     0   1182
     0   1181
     0      0
     0      0
     0   1179
   272   1178
   271      0
     0      0
   270      0
   269      0
   268   1287
   267   1286
     0   1285
   265   1284
   264   1283
     0   1282
     0   1281
    30   1280
    29   1279
    28   1278
     0      0
     0      0
     0      0
     0      0
    24   1273
    23   1272
     0   1271
    21   1270
    20   1269
    19   1268
    17   1267
    16   1266
    15   1265
    14   1264
    13      0
    12      0
    11      0
    10      0
     9      0
     0      0
     0      0
     0      0
